//
segsites: 4
positions: 0.131131131131131 0.266266266266266 0.580580580580581 0.894894894894895
0000
0000
0000
0000
0000
0000
0000
0000
0000
0000
0000
0000
1000
0000
0010
0000
0000
0000
0000
0000
0000
0000
0000
0000
0000
0000
0000
0000
0000
0000
0000
0000
0001
0000
0000
0000
0000
0000
0000
0000
0000
0000
0000
0000
0000
0000
0000
0000
0100
0000
//
segsites: 2
positions: 0.304304304304304 0.969969969969970
00
01
00
00
00
00
00
00
00
00
00
00
00
00
00
00
00
00
00
00
00
00
00
00
00
00
00
00
00
00
10
00
00
00
00
00
00
00
00
00
00
00
00
00
00
00
00
00
00
00
//
segsites: 1
positions: 0.894894894894895
0
0
0
0
0
0
0
0
0
1
0
0
0
0
0
0
0
0
0
0
0
0
0
0
0
0
0
0
0
0
0
0
0
0
0
0
0
0
0
0
0
0
0
0
0
0
0
0
0
0
//
segsites: 3
positions: 0.131131131131131 0.580580580580581 0.969969969969970
000
000
000
000
000
000
000
000
000
000
000
000
000
000
000
000
000
000
000
000
010
000
000
000
000
000
000
000
000
000
000
000
000
000
000
100
000
000
000
000
000
000
001
000
000
000
000
000
000
000
//
segsites: 7
positions: 0.131131131131131 0.154154154154154 0.266266266266266 0.304304304304304 0.580580580580581 0.879879879879880 0.894894894894895
0000000
0000000
0000000
0000000
0000000
0010000
0000000
0000000
0100000
0000000
0000000
0000000
0000000
0000000
0000010
0000000
0000000
0000000
0000000
0000000
0000000
0000000
0000000
0000000
0000000
0000000
0000000
0000000
0000000
0000000
0000000
0000001
0000000
0000000
0000000
0000100
0000000
0000000
0000000
0000001
0000000
0001000
0000000
1000000
0000000
0000000
0000000
0000000
0000000
0000000
//
segsites: 4
positions: 0.266266266266266 0.304304304304304 0.879879879879880 0.894894894894895
0010
0000
0000
0000
0000
0000
0000
0000
0000
0000
0000
0000
0000
0000
0000
0000
0000
0000
0000
0000
0000
0100
0000
0000
0000
0000
0000
1000
0000
0000
0000
0000
0000
0000
0000
0000
0000
0000
0000
0000
0000
0000
0001
0000
0000
0000
0000
0000
0000
0000
//
segsites: 4
positions: 0.131131131131131 0.266266266266266 0.894894894894895 0.969969969969970
0100
0000
0000
0000
0000
0000
0000
0000
0000
0000
0000
0000
0000
0000
0000
0000
0000
0000
0001
0000
0000
0010
0000
0000
0000
0000
0000
0000
0000
0000
0000
0000
0010
0000
0000
0000
0000
0000
0000
0000
0000
0000
0000
0000
0000
0000
0000
0000
1000
0000
//
segsites: 1
positions: 0.705705705705706
0
0
0
0
0
1
0
0
0
0
0
0
0
0
0
0
0
0
0
0
0
0
0
0
0
0
0
0
0
0
0
0
0
0
0
0
0
0
0
0
0
0
0
0
0
0
0
0
0
0
//
segsites: 3
positions: 0.304304304304304 0.894894894894895 0.969969969969970
000
000
000
000
000
000
000
000
000
000
000
000
000
000
100
001
000
000
000
000
000
000
000
000
000
000
000
000
000
000
000
000
000
000
000
000
000
000
000
000
010
000
000
000
000
000
000
000
000
000
//
segsites: 2
positions: 0.154154154154154 0.304304304304304
00
00
00
01
00
00
00
00
00
00
00
00
00
00
00
00
00
00
00
00
00
00
00
00
00
10
00
00
00
00
00
00
00
00
00
00
00
00
00
00
00
00
01
00
00
00
00
00
00
00
//
segsites: 4
positions: 0.131131131131131 0.304304304304304 0.580580580580581 0.969969969969970
0000
0000
0000
0000
0000
0000
0000
0000
0010
0000
0000
0000
0000
0000
0000
0000
0000
0001
0000
0000
0000
0000
0000
0000
0000
0000
0000
0000
0000
1000
0000
0000
0000
0000
0000
0000
0000
0000
0000
0000
0100
0000
0000
0000
0000
0000
0000
0000
0000
0000
